2025-04-15 04:40:37.588253 - Received CBT.V505.FILE677.PDS from FILE677.XMI 
2025-04-15 04:40:37.589554 - Found $$$#DATE.txt (text/plain) in CBT.V505.FILE677.PDS, moved to PDS/$$$#DATE
2025-04-15 04:40:37.589901 - Found $README.txt (text/plain) in CBT.V505.FILE677.PDS, moved to PDS/$README
2025-04-15 04:40:37.590232 - Found @FILE677.txt (text/plain) in CBT.V505.FILE677.PDS, moved to PDS/@FILE677
2025-04-15 04:40:37.591038 - Found EXEC.xmi (application/xmit) in CBT.V505.FILE677.PDS, moved to PDS/EXEC.xmi
2025-04-15 04:40:37.626227 - Received SSY.EXEC from EXEC.xmi 
2025-04-15 04:40:37.627121 - Found KSMCONS.rexx (text/plain) in SSY.EXEC, moved to EXEC/KSMCONS
2025-04-15 04:40:37.627637 - Found KSMMAIN.rexx (text/plain) in SSY.EXEC, moved to EXEC/KSMMAIN
2025-04-15 04:40:37.627823 - Found KSMPKG.rexx (text/plain) in SSY.EXEC, moved to EXEC/KSMPKG
2025-04-15 04:40:37.628635 - Found GML.xmi (application/xmit) in CBT.V505.FILE677.PDS, moved to PDS/GML.xmi
2025-04-15 04:40:37.671579 - Received SSY.GML from GML.xmi 
2025-04-15 04:40:37.672632 - Found KSMCDSN.txt (text/plain) in SSY.GML, moved to GML/KSMCDSN
2025-04-15 04:40:37.672969 - Found KSMPNAM.txt (text/plain) in SSY.GML, moved to GML/KSMPNAM
2025-04-15 04:40:37.673293 - Found KSMPRIM.txt (text/plain) in SSY.GML, moved to GML/KSMPRIM
2025-04-15 04:40:37.673616 - Found KSMPTYP.txt (text/plain) in SSY.GML, moved to GML/KSMPTYP
2025-04-15 04:40:37.673932 - Found KSMSDKP.txt (text/plain) in SSY.GML, moved to GML/KSMSDKP
2025-04-15 04:40:37.674245 - Found KSMSSIZ.txt (text/plain) in SSY.GML, moved to GML/KSMSSIZ
2025-04-15 04:40:37.674578 - Found KSMTYPE.txt (text/plain) in SSY.GML, moved to GML/KSMTYPE
2025-04-15 04:40:37.675104 - Found INSTALL.rexx (text/plain) in CBT.V505.FILE677.PDS, moved to PDS/INSTALL
2025-04-15 04:40:37.675452 - Found PANELS.xmi (application/xmit) in CBT.V505.FILE677.PDS, moved to PDS/PANELS.xmi
2025-04-15 04:40:37.686870 - Received SSY.PANELS from PANELS.xmi 
2025-04-15 04:40:37.687610 - Found KSMCDSN.bin (application/octet-stream) in SSY.PANELS, moved to PANELS/KSMCDSN
2025-04-15 04:40:37.687804 - Found KSMPNAM.bin (application/octet-stream) in SSY.PANELS, moved to PANELS/KSMPNAM
2025-04-15 04:40:37.688115 - Found KSMPRIM.bin (application/octet-stream) in SSY.PANELS, moved to PANELS/KSMPRIM
2025-04-15 04:40:37.688456 - Found KSMPTYP.bin (application/octet-stream) in SSY.PANELS, moved to PANELS/KSMPTYP
2025-04-15 04:40:37.688792 - Found KSMSDKP.bin (application/octet-stream) in SSY.PANELS, moved to PANELS/KSMSDKP
2025-04-15 04:40:37.689128 - Found KSMSSIZ.bin (application/octet-stream) in SSY.PANELS, moved to PANELS/KSMSSIZ
2025-04-15 04:40:37.689469 - Found KSMTYPE.bin (application/octet-stream) in SSY.PANELS, moved to PANELS/KSMTYPE
2025-04-15 04:40:37.689958 - Found SKELS.xmi (application/xmit) in CBT.V505.FILE677.PDS, moved to PDS/SKELS.xmi
2025-04-15 04:40:37.708679 - Received SSY.SKELS from SKELS.xmi 
2025-04-15 04:40:37.709370 - Found KSMDPOL.jcl (text/plain) in SSY.SKELS, moved to SKELS/KSMDPOL
2025-04-15 04:40:37.709568 - Found KSMNCDS.jcl (text/plain) in SSY.SKELS, moved to SKELS/KSMNCDS
2025-04-15 04:40:37.709783 - Found KSMNPOL.jcl (text/plain) in SSY.SKELS, moved to SKELS/KSMNPOL
2025-04-15 04:40:37.710107 - Found TABLES.xmi (application/xmit) in CBT.V505.FILE677.PDS, moved to PDS/TABLES.xmi
2025-04-15 04:40:37.714874 - Received SSY.TABLES from TABLES.xmi 
2025-04-15 04:40:37.715405 - Found KSMKEYS.bin (application/octet-stream) in SSY.TABLES, moved to TABLES/KSMKEYS
